2924
3546
1270
889
2536
4091
89
1040
1418
1034
628
901
4402
1229
4429
4440
1255
4990
3948
4734
1435
4410
1506
2836
4941
200
3477
2839
4807
4940
1120
4195
2821
519
597
3905
2582
3986
1608
706
928
2150
1565
3921
231
3138
1736
222
4833
679
4113
1470
73
3024
3898
832
1390
3677
1142
147
2943
4511
2383
83
4893
3726
3844
66
4325
3973
494
1819
4568
3551
2245
1673
3297
1323
1331
2622
1771
3411
1525
4321
2844
899
338
982
3098
2708
4041
33
425
2512
4035
2861
1502
3208
3690
3455
194
1665
4509
1680
3918
4853
3977
3623
2000
1789
301
1212
2680
2220
4010
4289
4193
3759
3885
3148
855
1273
4275
4815
369
4931
1363
40
1539
1019
1236
3583
953
526
2862
2402
69
3213
4391
3955
4604
1411
853
2548
4059
3436
1824
2008
27
1047
4863
486
4287
2252
444
4537
1814
1450
4204
2075
460
4196
604
1624
2392
2396
250
4733
2577
3859
2025
132
2753
458
3076
3344
2595
1192
2523
4207
2769
2048
4843
4024
3494
1653
4712
1890
2710
703
4589
2080
2637
2556
3724
379
4054
1909
4335
739
1714
3752
4023
2091
536
662
4577
2059
1693
2394
1708
4049
1332
2817
1041
3450
3585
2228
2482
651
1386
2522
316
645
3218
2450
4194
3055
3842
1135
287
4462
1854
1044
2568
4079
3618
846
3795
1716
3247
4393
2128
2901
1158
3426
1531
1102
3816
2636
2963
2399
1992
1287
2938
1745
1437
2274
1825
635
1719
553
3880
1428
1893
1946
647
755
1209
3027
4779
1089
1035
1352
3106
2587
879
3392
2601
4748
2016
1109
4373
2741
2376
2097
482
2503
1863
2443
136